1 DJI_0065.JPG 3036 1244
1 DJI_0066.JPG 3022 1915
1 DJI_0071.JPG 1859 1179
1 DJI_0072.JPG 1860 1800
1 DJI_0099.JPG 1350 1129
1 DJI_0100.JPG 1355 1779
2 DJI_0058.JPG 2872 1129
2 DJI_0059.JPG 2870 1741
2 DJI_0078.JPG 1997 1170
2 DJI_0079.JPG 2050 1787
2 DJI_0092.JPG 1219 1166
2 DJI_0093.JPG 1226 1736
3 DJI_0012.JPG 1477 458
3 DJI_0013.JPG 1521 1051
3 DJI_0014.JPG 1553 1677
3 DJI_0015.JPG 1595 2295
3 DJI_0020.JPG 1632 641
3 DJI_0021.JPG 1673 1312
3 DJI_0022.JPG 1699 1964
4 DJI_0166.JPG 2402 890
4 DJI_0167.JPG 2386 1442
4 DJI_0168.JPG 2378 1986
4 DJI_0173.JPG 2386 917
4 DJI_0174.JPG 2385 1502
4 DJI_0175.JPG 2410 2106
5 DJI_0120.JPG 2590 788
5 DJI_0121.JPG 2605 1286
5 DJI_0122.JPG 2622 1808
5 DJI_0151.JPG 2019 1093
5 DJI_0152.JPG 2049 1589
5 DJI_0153.JPG 2090 2061
5 DJI_0155.JPG 1335 1365
5 DJI_0156.JPG 1386 1832
