base 250021.111 4319269.236 2593.462 0.005 0.005
1 250002.422 4319308.241 2594.213 0.005 0.005
pf1 250041.932 4319214.143 2590.057 0.005 0.005
hg1 250020.983 4319214.803 2590.412 0.005 0.005
sw1 250006.047 4319127.513 2592.616 0.005 0.005
2 249990.82 4319134.391 2592.927 0.005 0.005
3 249876.345 4319057.461 2593.507 0.005 0.005
4 250175.483 4319290.858 2584.199 0.005 0.005
hg2 250117.42 4319009.086 2565.418 0.005 0.005
5 250114.413 4318998.234 2567.861 0.005 0.005
sw2 250159.165 4319019.774 2567.198 0.005 0.005